1 36683.3333 15133.3333
2 36716.6667 14683.3333
3 36716.6667 14733.3333
4 36716.6667 14850.0000
5 36716.6667 15000.0000
6 36716.6667 15083.3333
7 36733.3333 14800.0000
8 36733.3333 15033.3333
9 36733.3333 15100.0000
10 36750.0000 14633.3333
11 36750.0000 14983.3333
12 36766.6667 14733.3333
13 36766.6667 14800.0000
14 36766.6667 15016.6667
15 36766.6667 15066.6667
16 36783.3333 12033.3333
17 36783.3333 14483.3333
18 36783.3333 14550.0000
19 36783.3333 14700.0000
20 36783.3333 14916.6667
21 36783.3333 15050.0000
22 36800.0000 14983.3333
23 36800.0000 15100.0000
24 36816.6667 14566.6667
25 36816.6667 14950.0000
26 36816.6667 14983.3333
27 36833.3333 11950.0000
28 36833.3333 14516.6667
29 36833.3333 15033.3333
30 36850.0000 15116.6667
31 36866.6667 14466.6667
32 36866.6667 14633.3333
33 36866.6667 14766.6667
34 36866.6667 15133.3333
35 36883.3333 14433.3333
36 36883.3333 14516.6667
37 36883.3333 14566.6667
38 36883.3333 14966.6667
39 36883.3333 15066.6667
40 36900.0000 14916.6667
41 36900.0000 15083.3333
42 36900.0000 15133.3333
43 36916.6667 14633.3333
44 36916.6667 14733.3333
45 36933.3333 14600.0000
46 36933.3333 14966.6667
47 36933.3333 15066.6667
48 36950.0000 14533.3333
49 36950.0000 14800.0000
50 36950.0000 14933.3333
51 36950.0000 15133.3333
52 36966.6667 14750.0000
53 36966.6667 14800.0000
54 36966.6667 14966.6667
55 36966.6667 15183.3333
56 36983.3333 14533.3333
57 36983.3333 14933.3333
58 36983.3333 14966.6667
59 36983.3333 15033.3333
60 36983.3333 15116.6667
61 36983.3333 15233.3333
62 37000.0000 14383.3333
63 37033.3333 14466.6667
64 37033.3333 14700.0000
65 37033.3333 15066.6667
66 37050.0000 14800.0000
67 37050.0000 15050.0000
68 37066.6667 14250.0000
69 37066.6667 14900.0000
70 37066.6667 15300.0000
71 37083.3333 14550.0000
72 37083.3333 14766.6667
73 37083.3333 14883.3333
74 37083.3333 15150.0000
75 37083.3333 15266.6667
76 37100.0000 13933.3333
77 37100.0000 14500.0000
78 37100.0000 15116.6667
79 37100.0000 15216.6667
80 37100.0000 15233.3333
81 37100.0000 15266.6667
82 37116.6667 14933.3333
83 37116.6667 15266.6667
84 37133.3333 14300.0000
85 37133.3333 14733.3333
86 37133.3333 14850.0000
87 37133.3333 14900.0000
88 37133.3333 15016.6667
89 37150.0000 14383.3333
90 37150.0000 14700.0000
91 37150.0000 15033.3333
92 37150.0000 15183.3333
93 37166.6667 13716.6667
94 37166.6667 14750.0000
95 37183.3333 13766.6667
96 37183.3333 14183.3333
97 37183.3333 14233.3333
98 37183.3333 14516.6667
99 37183.3333 15116.6667
100 37183.3333 15166.6667
101 37183.3333 15200.0000
102 37200.0000 14716.6667
103 37200.0000 14900.0000
104 37200.0000 14950.0000
105 37216.6667 13916.6667
106 37216.6667 14633.3333
107 37216.6667 14683.3333
108 37216.6667 14983.3333
109 37216.6667 15216.6667
110 37233.3333 14516.6667
111 37233.3333 14883.3333
112 37250.0000 13783.3333
113 37250.0000 13916.6667
114 37250.0000 14183.3333
115 37250.0000 14816.6667
116 37250.0000 14850.0000
117 37250.0000 15083.3333
118 37266.6667 13583.3333
119 37266.6667 13966.6667
120 37266.6667 14700.0000
121 37266.6667 14750.0000
122 37266.6667 14800.0000
123 37266.6667 15016.6667
124 37283.3333 13533.3333
125 37283.3333 13916.6667
126 37283.3333 14083.3333
127 37283.3333 14366.6667
128 37283.3333 14433.3333
129 37283.3333 14650.0000
130 37283.3333 15000.0000
131 37283.3333 15183.3333
132 37300.0000 13466.6667
133 37300.0000 13783.3333
134 37300.0000 13950.0000
135 37300.0000 14033.3333
136 37300.0000 14216.6667
137 37300.0000 14850.0000
138 37300.0000 14900.0000
139 37316.6667 13550.0000
140 37316.6667 13566.6667
141 37316.6667 13650.0000
142 37316.6667 14450.0000
143 37316.6667 14516.6667
144 37316.6667 14750.0000
145 37333.3333 13383.3333
146 37333.3333 13416.6667
147 37333.3333 13983.3333
148 37333.3333 14616.6667
149 37333.3333 14933.3333
150 37350.0000 13533.3333
151 37350.0000 13766.6667
152 37350.0000 13850.0000
153 37350.0000 13916.6667
154 37350.0000 14800.0000
155 37350.0000 14883.3333
156 37366.6667 14200.0000
157 37366.6667 14816.6667
158 37366.6667 14933.3333
159 37366.6667 15050.0000
160 37383.3333 13350.0000
161 37383.3333 13550.0000
162 37383.3333 14366.6667
163 37383.3333 14616.6667
164 37383.3333 14700.0000
165 37400.0000 13533.3333
166 37400.0000 13616.6667
167 37400.0000 13650.0000
168 37400.0000 13700.0000
169 37400.0000 13733.3333
170 37400.0000 15066.6667
171 37416.6667 14133.3333
172 37416.6667 14450.0000
173 37416.6667 14500.0000
174 37416.6667 14550.0000
175 37433.3333 13400.0000
176 37433.3333 13550.0000
177 37433.3333 13600.0000
178 37433.3333 14066.6667
179 37433.3333 14516.6667
180 37433.3333 14633.3333
181 37450.0000 13466.6667
182 37450.0000 13816.6667
183 37450.0000 13883.3333
184 37450.0000 14683.3333
185 37450.0000 14700.0000
186 37466.6667 13383.3333
187 37466.6667 13533.3333
188 37466.6667 13733.3333
189 37466.6667 13783.3333
190 37466.6667 14466.6667
191 37466.6667 14533.3333
192 37466.6667 14833.3333
193 37483.3333 13866.6667
194 37483.3333 13983.3333
195 37483.3333 14066.6667
196 37483.3333 14466.6667
197 37483.3333 14650.0000
198 37500.0000 13266.6667
199 37500.0000 13666.6667
200 37500.0000 13716.6667
201 37500.0000 14383.3333
202 37500.0000 14616.6667
203 37500.0000 14633.3333
204 37500.0000 14800.0000
205 37500.0000 14900.0000
206 37500.0000 15100.0000
207 37516.6667 13050.0000
208 37516.6667 13283.3333
209 37516.6667 13433.3333
210 37516.6667 13533.3333
211 37516.6667 13733.3333
212 37516.6667 14033.3333
213 37516.6667 14133.3333
214 37516.6667 14966.6667
215 37516.6667 15000.0000
216 37516.6667 15066.6667
217 37533.3333 13650.0000
218 37533.3333 13833.3333
219 37533.3333 14583.3333
220 37550.0000 14583.3333
221 37550.0000 14616.6667
222 37550.0000 15066.6667
223 37550.0000 15133.3333
224 37566.6667 12650.0000
225 37566.6667 12900.0000
226 37566.6667 13216.6667
227 37566.6667 13450.0000
228 37566.6667 13700.0000
229 37566.6667 14266.6667
230 37566.6667 14383.3333
231 37566.6667 14683.3333
232 37566.6667 14750.0000
233 37566.6667 14900.0000
234 37566.6667 15050.0000
235 37566.6667 15100.0000
236 37566.6667 15166.6667
237 37583.3333 12833.3333
238 37583.3333 13283.3333
239 37583.3333 13300.0000
240 37583.3333 13750.0000
241 37583.3333 14033.3333
242 37583.3333 14166.6667
243 37583.3333 14266.6667
244 37583.3333 14650.0000
245 37583.3333 14850.0000
246 37583.3333 14966.6667
247 37583.3333 15116.6667
248 37583.3333 15183.3333
249 37600.0000 12966.6667
250 37600.0000 13283.3333
251 37600.0000 13833.3333
252 37600.0000 13916.6667
253 37600.0000 14466.6667
254 37600.0000 14616.6667
255 37600.0000 15083.3333
256 37600.0000 15116.6667
257 37600.0000 15133.3333
258 37616.6667 13250.0000
259 37616.6667 13433.3333
260 37616.6667 13483.3333
261 37616.6667 14000.0000
262 37616.6667 14016.6667
263 37616.6667 14350.0000
264 37616.6667 14416.6667
265 37616.6667 14583.3333
266 37616.6667 14733.3333
267 37616.6667 14883.3333
268 37616.6667 15016.6667
269 37616.6667 15083.3333
270 37616.6667 15116.6667
271 37616.6667 15166.6667
272 37633.3333 12750.0000
273 37633.3333 13000.0000
274 37633.3333 13633.3333
275 37633.3333 13650.0000
276 37633.3333 14183.3333
277 37633.3333 14383.3333
278 37633.3333 14866.6667
279 37633.3333 15066.6667
280 37650.0000 12583.3333
281 37650.0000 13116.6667
282 37650.0000 13183.3333
283 37650.0000 13833.3333
284 37650.0000 14450.0000
285 37650.0000 14516.6667
286 37650.0000 14633.3333
287 37650.0000 15100.0000
288 37650.0000 15183.3333
289 37650.0000 15200.0000
290 37666.6667 13233.3333
291 37666.6667 13983.3333
292 37666.6667 14683.3333
293 37666.6667 14833.3333
294 37666.6667 15133.3333
295 37683.3333 12483.3333
296 37683.3333 12783.3333
297 37683.3333 13016.6667
298 37683.3333 13266.6667
299 37683.3333 13383.3333
300 37683.3333 13466.6667
301 37683.3333 13600.0000
302 37683.3333 13833.3333
303 37683.3333 14033.3333
304 37683.3333 14250.0000
305 37683.3333 14733.3333
306 37683.3333 14950.0000
307 37683.3333 15100.0000
308 37683.3333 15133.3333
309 37700.0000 12483.3333
310 37700.0000 12500.0000
311 37700.0000 12566.6667
312 37700.0000 12966.6667
313 37700.0000 13250.0000
314 37700.0000 13716.6667
315 37700.0000 14116.6667
316 37716.6667 12483.3333
317 37716.6667 12533.3333
318 37716.6667 12633.3333
319 37716.6667 12883.3333
320 37716.6667 13433.3333
321 37716.6667 14166.6667
322 37716.6667 14533.3333
323 37716.6667 14716.6667
324 37716.6667 15183.3333
325 37716.6667 15233.3333
326 37733.3333 12516.6667
327 37733.3333 13183.3333
328 37733.3333 13700.0000
329 37733.3333 14066.6667
330 37733.3333 14083.3333
331 37733.3333 14100.0000
332 37733.3333 15100.0000
333 37733.3333 15116.6667
334 37733.3333 15133.3333
335 37733.3333 15200.0000
336 37750.0000 12500.0000
337 37750.0000 12516.6667
338 37750.0000 12583.3333
339 37750.0000 13266.6667
340 37750.0000 13600.0000
341 37750.0000 13816.6667
342 37750.0000 14400.0000
343 37750.0000 15133.3333
344 37750.0000 15200.0000
345 37766.6667 12550.0000
346 37766.6667 12666.6667
347 37766.6667 12883.3333
348 37766.6667 14083.3333
349 37766.6667 14116.6667
350 37766.6667 14350.0000
351 37766.6667 14633.3333
352 37766.6667 15183.3333
353 37766.6667 15200.0000
354 37783.3333 12483.3333
355 37783.3333 12533.3333
356 37783.3333 12700.0000
357 37783.3333 12966.6667
358 37783.3333 13000.0000
359 37783.3333 13016.6667
360 37783.3333 13716.6667
361 37783.3333 14033.3333
362 37783.3333 14100.0000
363 37783.3333 14116.6667
364 37783.3333 14600.0000
365 37783.3333 14716.6667
366 37783.3333 14766.6667
367 37783.3333 14833.3333
368 37783.3333 15200.0000
369 37800.0000 12433.3333
370 37800.0000 12483.3333
371 37800.0000 12516.6667
372 37800.0000 12533.3333
373 37800.0000 12816.6667
374 37800.0000 13650.0000
375 37800.0000 14033.3333
376 37800.0000 14083.3333
377 37800.0000 14200.0000
378 37800.0000 14666.6667
379 37800.0000 14800.0000
380 37800.0000 14883.3333
381 37800.0000 15133.3333
382 37800.0000 15200.0000
383 37816.6667 12466.6667
384 37816.6667 12483.3333
385 37816.6667 12500.0000
386 37816.6667 12533.3333
387 37816.6667 12550.0000
388 37816.6667 12600.0000
389 37816.6667 12666.6667
390 37816.6667 12750.0000
391 37816.6667 12800.0000
392 37816.6667 13300.0000
393 37816.6667 13566.6667
394 37816.6667 13633.3333
395 37816.6667 13850.0000
396 37816.6667 13883.3333
397 37816.6667 14000.0000
398 37816.6667 14500.0000
399 37816.6667 14700.0000
400 37816.6667 14716.6667
401 37816.6667 14866.6667
402 37816.6667 15233.3333
403 37833.3333 12516.6667
404 37833.3333 12766.6667
405 37833.3333 13150.0000
406 37833.3333 13483.3333
407 37833.3333 13716.6667
408 37833.3333 14550.0000
409 37833.3333 14600.0000
410 37833.3333 14716.6667
411 37833.3333 15133.3333
412 37833.3333 15283.3333
413 37850.0000 12466.6667
414 37850.0000 12500.0000
415 37850.0000 12516.6667
416 37850.0000 12533.3333
417 37850.0000 13766.6667
418 37850.0000 13900.0000
419 37850.0000 14150.0000
420 37850.0000 14483.3333
421 37850.0000 14566.6667
422 37850.0000 14700.0000
423 37850.0000 14783.3333
424 37850.0000 15216.6667
425 37850.0000 15283.3333
426 37866.6667 12466.6667
427 37866.6667 12483.3333
428 37866.6667 12516.6667
429 37866.6667 12666.6667
430 37866.6667 12816.6667
431 37866.6667 13466.6667
432 37866.6667 13633.3333
433 37866.6667 13783.3333
434 37866.6667 14183.3333
435 37866.6667 14933.3333
436 37866.6667 15033.3333
437 37883.3333 12466.6667
438 37883.3333 12483.3333
439 37883.3333 12600.0000
440 37883.3333 12950.0000
441 37883.3333 13150.0000
442 37883.3333 13366.6667
443 37883.3333 14316.6667
444 37883.3333 14666.6667
445 37883.3333 14833.3333
446 37883.3333 14950.0000
447 37883.3333 15116.6667
448 37883.3333 15316.6667
449 37900.0000 12350.0000
450 37900.0000 12650.0000
451 37900.0000 13100.0000
452 37900.0000 13366.6667
453 37900.0000 13433.3333
454 37900.0000 13466.6667
455 37900.0000 13483.3333
456 37900.0000 13566.6667
457 37900.0000 13816.6667
458 37900.0000 15050.0000
459 37900.0000 15133.3333
460 37900.0000 15300.0000
461 37916.6667 12300.0000
462 37916.6667 12516.6667
463 37916.6667 12866.6667
464 37916.6667 13066.6667
465 37916.6667 13133.3333
466 37916.6667 13533.3333
467 37916.6667 13566.6667
468 37916.6667 13750.0000
469 37916.6667 13933.3333
470 37916.6667 14183.3333
471 37916.6667 14966.6667
472 37916.6667 15066.6667
473 37916.6667 15266.6667
474 37916.6667 15333.3333
475 37916.6667 15350.0000
476 37916.6667 15750.0000
477 37916.6667 15783.3333
478 37916.6667 15983.3333
479 37933.3333 12333.3333
480 37933.3333 12500.0000
481 37933.3333 12533.3333
482 37933.3333 12683.3333
483 37933.3333 12733.3333
484 37933.3333 12966.6667
485 37933.3333 13666.6667
486 37933.3333 14000.0000
487 37933.3333 14083.3333
488 37933.3333 14366.6667
489 37933.3333 14950.0000
490 37933.3333 15000.0000
491 37933.3333 15766.6667
492 37933.3333 15800.0000
493 37933.3333 15850.0000
494 37933.3333 15916.6667
495 37933.3333 15983.3333
496 37933.3333 16050.0000
497 37950.0000 12516.6667
498 37950.0000 12683.3333
499 37950.0000 12700.0000
500 37950.0000 13083.3333
501 37950.0000 13416.6667
502 37950.0000 14466.6667
503 37950.0000 15100.0000
504 37950.0000 15316.6667
505 37950.0000 15350.0000
506 37950.0000 15366.6667
507 37950.0000 15383.3333
508 37950.0000 15700.0000
509 37950.0000 15766.6667
510 37950.0000 15933.3333
511 37950.0000 16066.6667
512 37966.6667 12066.6667
513 37966.6667 12650.0000
514 37966.6667 12683.3333
515 37966.6667 12800.0000
516 37966.6667 13166.6667
517 37966.6667 13183.3333
518 37966.6667 13450.0000
519 37966.6667 13966.6667
520 37966.6667 14283.3333
521 37966.6667 14333.3333
522 37966.6667 14750.0000
523 37966.6667 15183.3333
524 37966.6667 15250.0000
525 37966.6667 15266.6667
526 37966.6667 15283.3333
527 37966.6667 15400.0000
528 37966.6667 15666.6667
529 37966.6667 15683.3333
530 37966.6667 15800.0000
531 37966.6667 15900.0000
532 37966.6667 15983.3333
533 37966.6667 16016.6667
534 37966.6667 16083.3333
535 37966.6667 16100.0000
536 37983.3333 12333.3333
537 37983.3333 12550.0000
538 37983.3333 12633.3333
539 37983.3333 12700.0000
540 37983.3333 12966.6667
541 37983.3333 13333.3333
542 37983.3333 13650.0000
543 37983.3333 13700.0000
544 37983.3333 13883.3333
545 37983.3333 14016.6667
546 37983.3333 14150.0000
547 37983.3333 14233.3333
548 37983.3333 14916.6667
549 37983.3333 15150.0000
550 37983.3333 15233.3333
551 37983.3333 15266.6667
552 37983.3333 15283.3333
553 37983.3333 15316.6667
554 37983.3333 15333.3333
555 37983.3333 15366.6667
556 37983.3333 15416.6667
557 37983.3333 15650.0000
558 37983.3333 15666.6667
559 37983.3333 15733.3333
560 37983.3333 15750.0000
561 37983.3333 15800.0000
562 37983.3333 15816.6667
563 37983.3333 15866.6667
564 37983.3333 16100.0000
565 38000.0000 12733.3333
566 38000.0000 13283.3333
567 38000.0000 13933.3333
568 38000.0000 15100.0000
569 38000.0000 15316.6667
570 38000.0000 15433.3333
571 38000.0000 15700.0000
572 38000.0000 15866.6667
573 38000.0000 15933.3333
574 38000.0000 16033.3333
575 38016.6667 12483.3333
576 38016.6667 12650.0000
577 38016.6667 12733.3333
578 38016.6667 12883.3333
579 38016.6667 13083.3333
580 38016.6667 13583.3333
581 38016.6667 14100.0000
582 38016.6667 14166.6667
583 38016.6667 14183.3333
584 38016.6667 14216.6667
585 38016.6667 14250.0000
586 38016.6667 14350.0000
587 38016.6667 14433.3333
588 38016.6667 14600.0000
589 38016.6667 14666.6667
590 38016.6667 14700.0000
591 38016.6667 14750.0000
592 38016.6667 15000.0000
593 38016.6667 15100.0000
594 38016.6667 15133.3333
595 38016.6667 15183.3333
596 38016.6667 15650.0000
597 38016.6667 15666.6667
598 38016.6667 15766.6667
599 38016.6667 15783.3333
600 38016.6667 15816.6667
601 38016.6667 15833.3333
602 38016.6667 15966.6667
603 38016.6667 16050.0000
604 38016.6667 16083.3333
605 38033.3333 12583.3333
606 38033.3333 12616.6667
607 38033.3333 12666.6667
608 38033.3333 12783.3333
609 38033.3333 13383.3333
610 38033.3333 13450.0000
611 38033.3333 13533.3333
612 38033.3333 14016.6667
613 38033.3333 14466.6667
614 38033.3333 14633.3333
615 38033.3333 14766.6667
616 38033.3333 14816.6667
617 38033.3333 15150.0000
618 38033.3333 15383.3333
619 38033.3333 15416.6667
620 38033.3333 15900.0000
621 38033.3333 15983.3333
622 38033.3333 16033.3333
623 38033.3333 16083.3333
624 38033.3333 16133.3333
625 38050.0000 12633.3333
626 38050.0000 12666.6667
627 38050.0000 12683.3333
628 38050.0000 13000.0000
629 38050.0000 13116.6667
630 38050.0000 13133.3333
631 38050.0000 13233.3333
632 38050.0000 13300.0000
633 38050.0000 13533.3333
634 38050.0000 14583.3333
635 38050.0000 14600.0000
636 38050.0000 14616.6667
637 38050.0000 14633.3333
638 38050.0000 14650.0000
639 38050.0000 14666.6667
640 38050.0000 14883.3333
641 38050.0000 14900.0000
642 38050.0000 14966.6667
643 38050.0000 15000.0000
644 38050.0000 15016.6667
645 38050.0000 15033.3333
646 38050.0000 15100.0000
647 38050.0000 15183.3333
648 38050.0000 15433.3333
649 38050.0000 15466.6667
650 38050.0000 15650.0000
651 38050.0000 15700.0000
652 38050.0000 15750.0000
653 38050.0000 15916.6667
654 38050.0000 16100.0000
655 38066.6667 12550.0000
656 38066.6667 12683.3333
657 38066.6667 12700.0000
658 38066.6667 12816.6667
659 38066.6667 13433.3333
660 38066.6667 13450.0000
661 38066.6667 14633.3333
662 38066.6667 14650.0000
663 38066.6667 14700.0000
664 38066.6667 14733.3333
665 38066.6667 14766.6667
666 38066.6667 14800.0000
667 38066.6667 14983.3333
668 38066.6667 15066.6667
669 38066.6667 15116.6667
670 38066.6667 15200.0000
671 38066.6667 15650.0000
672 38066.6667 15683.3333
673 38066.6667 15916.6667
674 38066.6667 15983.3333
675 38066.6667 16050.0000
676 38066.6667 16133.3333
677 38083.3333 12700.0000
678 38083.3333 12716.6667
679 38083.3333 13150.0000
680 38083.3333 13166.6667
681 38083.3333 13283.3333
682 38083.3333 13333.3333
683 38083.3333 13466.6667
684 38083.3333 13500.0000
685 38083.3333 13516.6667
686 38083.3333 14666.6667
687 38083.3333 14733.3333
688 38083.3333 14750.0000
689 38083.3333 14800.0000
690 38083.3333 14850.0000
691 38083.3333 14883.3333
692 38083.3333 14950.0000
693 38083.3333 15133.3333
694 38083.3333 15166.6667
695 38083.3333 15450.0000
696 38083.3333 15683.3333
697 38083.3333 15733.3333
698 38083.3333 15766.6667
699 38083.3333 16150.0000
700 38100.0000 12700.0000
701 38100.0000 12733.3333
702 38100.0000 13300.0000
703 38100.0000 13533.3333
704 38100.0000 14833.3333
705 38100.0000 14900.0000
706 38100.0000 14950.0000
707 38100.0000 15083.3333
708 38100.0000 15166.6667
709 38100.0000 15200.0000
710 38100.0000 15483.3333
711 38100.0000 15500.0000
712 38100.0000 15650.0000
713 38100.0000 15700.0000
714 38100.0000 15716.6667
715 38100.0000 15883.3333
716 38100.0000 16083.3333
717 38100.0000 16100.0000
718 38100.0000 16133.3333
719 38116.6667 13283.3333
720 38116.6667 13333.3333
721 38116.6667 13366.6667
722 38116.6667 14716.6667
723 38116.6667 14750.0000
724 38116.6667 14783.3333
725 38116.6667 14800.0000
726 38116.6667 14883.3333
727 38116.6667 14950.0000
728 38116.6667 15050.0000
729 38116.6667 15083.3333
730 38116.6667 15116.6667
731 38116.6667 15183.3333
732 38116.6667 15233.3333
733 38116.6667 15483.3333
734 38116.6667 15500.0000
735 38116.6667 15516.6667
736 38116.6667 15683.3333
737 38116.6667 15716.6667
738 38116.6667 15733.3333
739 38116.6667 15850.0000
740 38133.3333 12750.0000
741 38133.3333 13183.3333
742 38133.3333 14733.3333
743 38133.3333 14850.0000
744 38133.3333 14883.3333
745 38133.3333 14966.6667
746 38133.3333 15000.0000
747 38133.3333 15033.3333
748 38133.3333 15150.0000
749 38133.3333 15183.3333
750 38133.3333 15233.3333
751 38133.3333 15350.0000
752 38133.3333 15383.3333
753 38133.3333 15400.0000
754 38133.3333 15483.3333
755 38133.3333 15500.0000
756 38133.3333 15700.0000
757 38133.3333 15716.6667
758 38133.3333 15750.0000
759 38133.3333 15800.0000
760 38133.3333 15883.3333
761 38150.0000 13083.3333
762 38150.0000 13100.0000
763 38150.0000 13166.6667
764 38150.0000 14833.3333
765 38150.0000 14900.0000
766 38150.0000 14950.0000
767 38150.0000 15016.6667
768 38150.0000 15183.3333
769 38150.0000 15200.0000
770 38150.0000 15216.6667
771 38150.0000 15233.3333
772 38150.0000 15283.3333
773 38150.0000 15300.0000
774 38150.0000 15333.3333
775 38150.0000 15350.0000
776 38150.0000 15383.3333
777 38150.0000 15400.0000
778 38150.0000 15416.6667
779 38150.0000 15466.6667
780 38150.0000 15483.3333
781 38150.0000 15500.0000
782 38150.0000 15650.0000
783 38150.0000 15783.3333
784 38150.0000 16066.6667
785 38150.0000 16083.3333
786 38150.0000 16183.3333
787 38166.6667 12750.0000
788 38166.6667 13233.3333
789 38166.6667 14750.0000
790 38166.6667 14866.6667
791 38166.6667 14900.0000
792 38166.6667 14933.3333
793 38166.6667 15200.0000
794 38166.6667 15250.0000
795 38166.6667 15266.6667
796 38166.6667 15283.3333
797 38166.6667 15316.6667
798 38166.6667 15333.3333
799 38166.6667 15366.6667
800 38166.6667 15416.6667
801 38166.6667 15483.3333
802 38166.6667 15516.6667
803 38166.6667 15550.0000
804 38166.6667 15633.3333
805 38166.6667 15650.0000
806 38166.6667 15683.3333
807 38166.6667 15700.0000
808 38166.6667 15733.3333
809 38166.6667 15750.0000
810 38166.6667 15833.3333
811 38166.6667 16116.6667
812 38166.6667 16200.0000
813 38183.3333 13283.3333
814 38183.3333 15216.6667
815 38183.3333 15233.3333
816 38183.3333 15250.0000
817 38183.3333 15266.6667
818 38183.3333 15316.6667
819 38183.3333 15350.0000
820 38183.3333 15366.6667
821 38183.3333 15383.3333
822 38183.3333 15433.3333
823 38183.3333 15483.3333
824 38183.3333 15500.0000
825 38183.3333 15516.6667
826 38183.3333 15533.3333
827 38183.3333 15566.6667
828 38183.3333 15633.3333
829 38183.3333 15716.6667
830 38183.3333 15766.6667
831 38183.3333 15883.3333
832 38183.3333 16050.0000
833 38183.3333 16150.0000
834 38183.3333 16166.6667
835 38200.0000 13250.0000
836 38200.0000 13283.3333
837 38200.0000 13333.3333
838 38200.0000 15233.3333
839 38200.0000 15266.6667
840 38200.0000 15316.6667
841 38200.0000 15333.3333
842 38200.0000 15366.6667
843 38200.0000 15383.3333
844 38200.0000 15416.6667
845 38200.0000 15516.6667
846 38200.0000 15683.3333
847 38200.0000 15733.3333
848 38200.0000 16150.0000
849 38200.0000 16183.3333
850 38216.6667 15233.3333
851 38216.6667 15366.6667
852 38216.6667 15433.3333
853 38216.6667 15500.0000
854 38216.6667 15533.3333
855 38216.6667 15633.3333
856 38216.6667 15650.0000
857 38216.6667 15666.6667
858 38216.6667 15733.3333
859 38216.6667 16050.0000
860 38216.6667 16100.0000
861 38216.6667 16116.6667
862 38216.6667 16200.0000
863 38233.3333 15433.3333
864 38233.3333 15450.0000
865 38233.3333 15466.6667
866 38233.3333 15516.6667
867 38233.3333 15650.0000
868 38233.3333 15783.3333
869 38233.3333 15916.6667
870 38233.3333 15933.3333
871 38233.3333 16100.0000
872 38233.3333 16150.0000
873 38233.3333 16216.6667
874 38233.3333 16233.3333
875 38233.3333 16250.0000
876 38233.3333 16266.6667
877 38250.0000 15433.3333
878 38250.0000 15483.3333
879 38250.0000 15516.6667
880 38250.0000 15600.0000
881 38250.0000 15716.6667
882 38250.0000 15766.6667
883 38250.0000 15783.3333
884 38250.0000 15800.0000
885 38250.0000 15966.6667
886 38250.0000 16233.3333
887 38266.6667 15583.3333
888 38266.6667 15650.0000
889 38266.6667 15800.0000
890 38266.6667 15850.0000
891 38266.6667 15866.6667
892 38266.6667 15883.3333
893 38266.6667 15933.3333
894 38266.6667 16150.0000
895 38266.6667 16216.6667
896 38266.6667 16266.6667
897 38266.6667 16300.0000
898 38283.3333 15533.3333
899 38283.3333 15800.0000
900 38283.3333 15883.3333